<?xml version="1.0"?>
<opencv_storage>
<cameraMatrix type_id="opencv-matrix">
  <rows>3</rows>
  <cols>3</cols>
  <dt>d</dt>
  <data>
    1.1415605944362646e+03 0. 6.2402203160557121e+02 0.
    1.1415605944362646e+03 4.8065714124298171e+02 0. 0. 1.</data></cameraMatrix>
<distCoeffs type_id="opencv-matrix">
  <rows>5</rows>
  <cols>1</cols>
  <dt>d</dt>
  <data>
    0. 0. 0. 0. 0.</data></distCoeffs>
</opencv_storage>
